44
901
43
387
529
490
50
177
572
566
188
995
697
338
838
829
908
590
603
715
138
903
636
133
767
518
701
453
428
649
985
279
551
237
109
196
857
362
305
24
87
605
258
774
251
39
357
744
415
216
544
607
499
207
447
951
348
805
227
997
678
582
460
102
712
589
963
991
919
40
322
225
158
687
677
432
142
90
286
364
17
97
326
623
110
456
159
355
952
73
183
112
77
89
437
23
36
832
600
553
345
272
413
681
114
312
778
136
19
321
897
347
215
67
429
896
757
621
535
733
617
400
194
648
300
263
369
957
793
511
375
787
202
827
549
980
296
328
635
394
718
970
818
497
924
650
567
361
255
565
76
180
926
923
319
628
716
693
720
858
973
224
382
93
816
436
228
239
904
161
533
325
298
419
674
696
84
902
450
637
930
645
414
658
756
108
404
683
854
953
438
426
928
368
500
156
596
458
587
654
736
341
145
314
726
81
516
664
466
398
122
470
174
311
425
788
900
825
356
541
852
959
640
457
3
763
978
235
692
809
469
178
491
344
950
206
471
698
96
88
700
407
550
35
160
737
708
676
966
118
599
134
152
638
47
672
836
64
994
61
28
898
459
702
374
656
284
724
527
820
830
584
528
140
147
288
260
944
157
246
748
725
670
810
21
769
666
12
606
231
313
828
151
842
2
226
304
971
74
910
275
184
245
301
37
591
504
423
410
396
483
126
759
443
675
568
864
15
663
934
706
948
214
381
887
559
613
332
815
869
464
915
476
749
513
512
241
435
253
707
689
913
581
14
269
417
46
297
878
306
806
747
101
489
203
221
727
935
735
615
270
219
824
768
281
632
340
420
732
124
107
814
614
699
135
776
877
408
330
276
641
569
181
625
853
498
193
673
895
153
182
197
501
955
929
521
946
71
998
377
502
485
899
10
282
867
333
515
335
424
488
266
267
455
686
856
741
31
176
784
427
211
154
294
329
33
945
18
383
95
886
601
523
59
451
240
667
848
274
821
29
34
911
265
604
779
597
448
391
66
115
987
20
764
173
634
860
940
616
171
1000
679
783
586
388
290
659
525
198
353
840
977
619
446
57
120
467
495
579
62
843
799
257
69
542
522
642
479
918
960
652
91
660
738
754
254
98
247
229
996
334
418
554
643
781
486
555
49
609
870
937
324
695
608
734
622
585
195
519
220
416
242
397
42
917
558
880
761
127
162
665
317
199
505
932
366
974
83
684
41
403
45
261
863
103
223
395
85
283
709
514
804
646
965
786
713
68
610
100
150
931
912
86
54
352
172
310
893
409
884
972
988
875
52
831
440
819
990
807
891
53
121
210
371
372
48
719
70
38
461
445
801
782
762
851
144
249
868
92
26
639
482
190
13
618
871
798
941
106
817
494
789
914
209
292
539
882
213
56
379
993
293
746
771
588
390
865
496
399
644
661
845
299
883
268
262
27
385
336
592
350
938
811
478
208
633
365
9
358
612
668
238
170
969
473
349
833
790
25
264
5
939
441
571
163
503
721
8
983
82
876
148
752
315
389
205
770
751
289
855
422
872
722
63
431
192
968
705
442
742
393
434
690
363
508
800
444
534
105
657
217
680
32
187
564
728
351
477
354
812
739
758
526
808
760
481
452
890
58
850
475
982
165
723
462
78
309
218
976
402
392
740
909
243
463
611
859
575
916
794
717
401
259
823
949
711
602
986
16
731
943
129
307
30
421
942
439
104
169
316
509
925
879
6
125
730
80
849
373
626
844
117
94
380
745
631
204
981
691
755
552
130
669
540
627
570
200
578
327
921
302
277
139
583
560
359
378
846
303
346
360
510
826
51
989
143
273
342
433
775
406
906
629
688
889
248
873
936
113
576
230
22
797
186
55
561
123
318
367
574
765
474
538
4
714
487
651
888
956
861
291
524
212
175
796
492
191
537
386
573
480
772
874
841
894
922
624
185
99
65
577
802
132
468
532
7
933
155
280
839
791
892
164
236
710
531
905
179
885
743
465
671
168
507
232
750
862
773
545
962
630
729
967
847
662
75
834
72
256
557
454
556
620
1
685
137
384
647
753
405
543
201
412
655
449
803
866
961
111
308
562
517
250
376
598
813
285
189
975
964
119
244
166
958
907
954
320
331
146
167
411
339
520
992
536
595
506
881
234
704
694
594
79
822
766
472
795
792
60
984
777
546
484
927
780
593
580
703
430
837
370
295
141
548
233
278
920
563
979
785
287
653
149
337
323
116
835
131
999
547
11
252
128
530
682
947
271
493
222
343