393
436
482
252
131
218
100
146
476
294
495
358
492
79
282
14
64
350
403
188
395
74
337
439
75
312
480
119
196
214
134
54
26
363
120
73
387
489
107
381
50
356
52
289
299
161
483
10
458
35
136
258
124
462
93
238
206
18
488
98
469
20
388
470
346
25
465
190
276
126
293
324
418
361
163
4
159
342
460
280
24
237
122
319
351
183
392
140
85
235
63
365
11
68
326
5
201
242
228
211
348
270
121
227
499
193
154
389
449
421
362
30
329
84
192
162
459
215
48
377
70
128
307
420
15
157
308
102
110
125
336
339
266
425
182
376
455
359
245
407
286
471
427
384
145
357
17
171
256
394
149
247
165
152
19
296
32
251
475
23
341
229
429
287
129
33
385
382
83
354
464
231
9
443
309
481
37
91
450
301
217
86
353
273
155
174
210
205
99
164
180
194
401
151
47
226
21
170
156
55
7
402
208
313
265
57
498
181
372
241
184
36
345
257
8
244
200
478
169
283
333
12
135
490
281
433
114
417
500
178
147
202
474
497
223
279
96
209
195
139
40
92
115
113
80
322
274
416
327
370
42
320
127
260
484
108
153
438
160
406
230
300
440
175
38
442
95
453
477
117
383
486
197
78
338
285
234
334
109
3
88
456
158
494
148
386
493
330
106
271
118
264
263
310
130
380
29
66
213
142
34
259
90
491
468
219
176
364
204
323
112
166
391
400
49
314
340
224
344
292
254
69
423
378
414
144
444
168
65
191
45
457
428
28
291
424
59
143
67
177
304
172
467
72
448
437
104
103
445
447
222
288
366
87
6
1
360
269
248
328
137
267
105
298
53
81
371
141
404
410
16
76
305
246
94
479
82
284
321
302
434
369
239
44
335
43
441
325
185
253
101
212
275
355
349
466
367
452
422
207
71
216
138
413
315
379
111
303
255
225
132
297
316
374
461
317
352
62
262
31
123
278
167
77
56
430
496
399
290
431
39
408
419
250
13
173
454
236
412
375
240
198
426
398
268
60
306
485
415
46
51
189
472
405
451
277
233
473
221
232
261
89
311
116
58
318
61
2
411
463
446
220
187
396
41
179
249
487
332
199
343
150
22
397
435
27
432
373
331
272
186
347
295
390
409
133
243
97
368
203
