767
3588
3794
2045
3277
4032
2143
3149
1803
3248
2855
4833
1625
771
3805
4777
3803
2501
481
1359
4194
2771
1190
2282
4440
2741
399
2962
1892
2456
4766
4148
2523
2720
1642
989
49
2500
2471
2808
4285
3990
3581
408
766
128
2331
3325
2425
1697
98
1722
4932
2754
358
782
2542
3372
3433
3468
993
3589
2368
806
972
3187
4171
840
3999
2182
596
4042
2502
1477
4578
1801
837
1053
4166
4384
4027
1091
3780
3128
270
1827
945
3808
2517
3666
4080
2446
113
2124
3944
1117
4172
3253
3435
44
3919
1922
1581
911
818
3745
555
1797
442
2804
387
4925
2484
3558
3654
1655
4827
3227
3467
4391
4282
3956
4877
1861
3072
3094
1818
1037
1369
2836
2649
2510
3218
1536
3649
4639
1622
3178
3353
802
2089
3464
3073
2037
2703
2532
513
1164
4349
1411
999
4903
4351
4006
2809
360
3615
3341
2393
2114
2442
2578
2232
3517
4327
1119
1361
2355
617
665
1930
2090
4693
2723
4848
3036
1889
3603
1759
4511
2725
131
4882
2917
3035
3612
3334
2334
2481
1585
1641
2987
1223
4554
4521
1758
1063
4996
1881
1016
556
2339
2073
2381
2753
3478
2795
4393
2543
294
2409
3526
4299
454
2619
717
3974
385
1486
1982
11
2853
726
3976
3973
2060
2437
1973
915
885
3189
4544
731
347
2888
2438
4838
960
3007
2831
4622
4520
3830
3312
223
2389
2264
640
2678
925
533
2986
4624
2846
4889
2096
1895
4173
2268
3700
4778
904
4425
381
560
3770
4599
4649
4049
2053
3039
4985
4107
1681
1471
2177
2166
1048
1124
4338
1285
2196
1875
4254
83
728
3254
687
4258
541
1111
2641
1457
914
1885
4373
3490
3548
2345
3288
58
1599
3533
4969
4547
1711
2457
4759
937
657
2432
1414
2631
4820
2020
3583
3049
4633
3705
4088
1112
2416
2023
1702
3488
3348
3376
759
482
2897
225
3723
3313
1568
3903
4151
4230
3992
3978
2909
4251
1366
37
3947
312
96
2378
1178
740
2784
2646
4603
975
3086
4523
1598
2429
1629
4472
3246
848
834
490
918
3518
242
81
1061
266
964
2840
744
1516
2250
194
2596
1744
4888
161
1627
1356
2983
1621
4040
3852
4939
2883
4366
4504
3981
1121
4716
108
1245
1603
4226
4481
257
1201
2310
1172
3678
1155
1342
4416
135
4429
1937
2598
3741
1074
3268
2737
3370
4865
693
2844
4686
362
2801
4959
3414
2971
4103
4948
1506
1660
4836
4458
4353
3986
2262
3858
1640
2195
3466
4269
282
592
3888
765
1358
2137
4085
819
1981
3993
3840
4303
4051
1070
1136
1565
4424
2546
229
4747
4562
1994
2204
237
4039
2806
1556
1314
572
2492
3762
2095
4204
3885
4082
4658
2160
4390
2359
4945
4934
1026
1165
4884
2893
1907
1146
429
542
448
1153
1279
1904
1383
3048
3214
1131
2094
750
295
1531
3235
4477
3502
3033
4678
4061
3850
4169
3391
2415
1109
4278
3740
3419
3329
406
3100
2234
281
4090
4462
3544
2686
702
4800
3363
3393
1392
1351
829
1054
4580
2886
4663
4309
2063
4640
1691
635
1856
4846
600
3292
1776
3707
3529
339
2898
4964
1388
761
4867
1700
4075
2185
84
2651
402
4797
3019
24
3607
4855
3655
973
3161
2162
4441
1176
3828
4531
1708
711
3507
3220
1262
378
2904
3095
333
4471
1992
2087
4365
2628
1315
4883
4432
1813
2149
3317
576
4104
2522
1455
4736
3092
3257
1550
2468
4149
4318
2214
821
1125
4436
2576
1227
67
2400
3408
955
3231
2652
599
587
1695
3996
4115
1158
2112
2065
4411
1424
2448
2805
165
4413
3069
1274
4780
1189
3578
910
551
1058
3066
2462
671
4515
2350
3314
3577
279
2422
327
888
4215
1804
2683
3058
3829
3925
2634
3534
56
2890
2211
3571
2038
459
4873
1614
1602
2759
1707
1408
854
4095
3138
3181
4337
3062
3536
4655
1077
1912
3148
4021
4781
1913
3704
2626
4066
79
4512
4631
4485
3143
357
3193
4421
2312
874
2419
3443
417
3031
493
3965
2548
4557
1372
2717
1152
941
1022
241
3552
4250
2346
4659
4598
3721
2213
1898
1346
4993
4568
4216
2203
2165
355
3920
3800
1205
1446
3397
4225
4002
329
62
2770
2071
1704
1191
235
2694
2298
3499
2200
1766
1750
679
1044
4487
2978
569
570
1664
4998
414
3613
3865
527
931
934
1633
2164
3347
3709
3395
3675
2970
4505
3698
4012
2482
2152
2588
4292
1705
2637
4029
1959
1510
484
4524
4617
2945
4625
835
4787
4970
1833
4912
4350
2474
3793
1924
2535
410
739
3129
866
3731
3546
704
2726
4808
2653
1582
300
1339
1156
273
4375
477
4802
1661
694
1512
712
3078
4815
3629
1771
1807
4322
977
4307
2616
4982
152
2600
3212
2370
3206
1177
2387
3512
2557
163
3878
3851
1327
3532
4214
4979
1389
1243
2034
518
2966
2751
3065
1578
371
2349
1527
2765
422
3252
2171
3431
1504
4915
3881
1832
3580
2547
791
1472
3602
971
511
4179
3350
591
4879
4198
4030
2934
1626
1272
1838
1851
3918
441
4242
4529
4228
416
2858
1596
4527
4670
34
94
586
3276
3503
2527
4572
3669
4893
846
4861
3399
2914
3900
4814
3145
668
3848
439
4809
772
3057
1159
2055
1402
2636
1318
4089
4772
69
1858
3748
2640
3646
4097
682
3711
292
4804
4370
4227
4430
1115
2327
2937
1950
1791
3962
3966
4478
659
1686
1543
2773
2015
1795
4143
2318
2959
2602
3983
2058
3427
3860
2122
4379
3641
3296
3755
1322
789
36
4268
3781
4683
3147
170
4005
3670
2960
2504
1867
3450
2027
3783
2506
1071
3708
4446
1638
3562
2421
4610
902
4238
4494
35
3230
351
466
4180
3440
3680
3307
3674
2958
4414
4708
2832
4734
2390
2977
4073
1338
697
1884
2134
4752
4943
1413
3027
4418
2309
3744
4357
3401
2525
3328
2772
4989
4267
3126
3339
3265
3226
2884
1151
4364
3576
328
2217
942
3633
2744
4510
1617
1429
1220
3237
1253
1238
584
4508
2908
3249
1935
4197
38
2969
4895
449
3004
315
3790
3652
1682
2304
4700
966
2711
3475
4628
816
4859
1317
2394
3849
887
3163
4829
3645
1040
1984
1116
2870
1821
3326
4147
3278
3197
2868
171
349
4762
2490
2747
2605
1296
2695
3053
1507
2514
1479
2423
764
893
2668
2205
2146
1601
3299
2202
4146
4910
4156
1841
636
73
3221
2689
4653
4489
1350
112
388
4304
2847
3059
1925
3209
1072
2861
2589
3943
4260
2133
21
2597
685
2194
1052
4145
3506
3686
3637
3352
3845
3738
2939
1283
2566
4556
4334
275
335
1764
2181
991
2156
1877
2764
1133
3262
3622
4234
889
1545
2104
3381
4407
3388
1323
3228
190
3970
1426
2118
60
2583
3358
2406
19
2125
2347
963
3076
3202
4701
1673
264
4668
2197
3042
1157
4723
1225
2995
3712
3662
2155
47
3089
3150
3815
3400
3123
111
4717
2229
2444
2017
2086
2731
2996
3437
4844
2554
3310
1669
1720
900
2463
3282
3472
3198
384
589
290
2810
233
4096
2650
2414
2803
3519
4288
313
930
1637
1092
4296
467
2139
622
1940
2835
1045
2643
2722
2826
3411
2757
3496
492
1525
197
2004
645
4522
4128
2891
4332
1737
2767
3084
1038
2931
80
2687
4607
3131
1254
75
4583
3897
25
953
1499
3168
3368
2276
1696
3697
4919
3418
4748
1654
2511
4784
4119
2638
4602
1095
1517
4917
2201
4958
2364
494
3951
160
3115
2728
4546
236
1592
1280
4997
4856
4480
3935
3759
3271
2545
647
3882
3942
367
1212
386
1988
951
3008
154
562
2287
3696
1067
4078
3564
42
2656
3213
701
3898
2980
4886
3469
203
1106
852
106
1352
649
3877
2949
393
3303
2819
534
3593
862
1382
2848
4892
1433
1754
1014
3574
1799
1650
532
3749
3357
2147
1182
1141
2323
2051
1793
1354
3936
1394
1862
340
4821
2244
201
2056
4623
3346
4340
2944
1166
4795
1518
1562
1266
979
4455
1952
2787
4944
3969
4053
2964
2487
1624
2677
3676
1043
3451
1763
2198
4125
861
4792
1492
3573
3727
3590
3692
4950
656
2129
4196
2174
2862
4806
2894
433
4253
4252
3846
3294
3733
3939
2973
4501
372
298
457
3572
2391
1101
258
1693
4690
3380
1755
4056
3832
3500
4711
1385
144
2601
1379
2953
1303
4517
2088
1100
4469
2447
3523
1267
2701
3514
4540
3463
1148
868
747
4449
3103
2111
4995
2781
1812
616
1104
401
4682
3595
2142
2946
1179
3207
943
3508
4354
1667
2775
1028
906
3784
4359
2876
2568
4439
736
3997
3417
2793
4765
849
2172
1606
891
512
2816
3165
2036
714
3679
2918
398
2790
1017
4651
121
2127
784
753
419
226
4749
4195
781
3409
2115
3859
3280
2537
755
4050
3471
1611
2948
2128
1847
908
3567
3136
2322
397
4672
2984
1249
3690
3861
3757
2025
1753
2241
3601
2263
45
4887
1969
3407
3796
4344
4992
334
2120
4876
46
3977
2920
1265
2377
741
2785
4312
2219
2343
2407
2278
4775
4091
3404
2397
1634
104
3988
352
1573
4643
2906
1863
680
1025
3295
4615
776
4396
3537
443
4990
4513
3378
4081
2050
3426
3819
3379
522
2933
4131
1594
4186
3497
954
1619
2281
3038
302
870
4155
2872
356
2450
1444
805
4456
2006
1520
4957
2581
4541
2433
345
2604
688
3015
3635
4744
1826
4287
156
4909
1580
1876
4463
1060
3950
4387
2207
3406
243
3817
2910
480
3933
3836
3766
4305
1591
1989
544
3093
3538
1221
2353
4986
1648
2227
3824
2907
3190
3425
1920
2279
2259
4743
2540
3494
4170
1330
1435
773
2916
2418
3233
2085
1727
2704
1872
1519
2271
2126
4955
1957
4696
980
850
2357
686
2796
77
2460
363
3022
3361
1787
1938
4363
1440
2383
3415
2342
3775
100
1878
871
2985
3487
2070
615
1264
2818
248
4585
436
4208
2043
3125
3269
4394
4789
4741
4011
3481
4739
1257
4084
1282
3000
1931
1247
5000
3541
632
4420
1186
4129
244
1006
344
350
1489
1271
2585
146
3560
368
3557
737
4177
4669
4823
1001
3025
2556
3046
1436
3687
2315
2479
3856
3423
1135
1485
316
947
675
4906
95
1094
674
1868
1377
4691
4828
836
3200
133
1632
2405
2716
683
377
561
204
4860
2736
828
2001
3910
4632
4192
2441
4152
1685
2002
1547
4457
1097
1635
3608
1187
41
4126
373
1694
3625
18
3241
3099
970
4597
4971
2558
1899
450
4724
3703
3382
982
3853
48
2233
2047
880
4868
1653
1741
3841
4647
1103
1535
4692
4397
2216
3430
4297
2798
770
1502
3702
969
3628
217
1415
1557
1008
3300
4924
2488
2745
4417
1387
612
4178
1401
497
2153
2068
3894
508
4746
3665
1295
4937
4835
564
4811
3528
1615
2538
117
1644
262
304
1612
853
102
1893
382
3797
1420
2449
3331
2560
3587
1184
2373
2061
2440
794
4506
71
1628
4590
3184
1300
1390
3663
2257
4264
4428
376
2577
3410
3056
2192
4100
1774
3585
2989
3872
2286
3489
4858
1057
4694
2533
895
2824
4058
3604
323
431
2536
89
3923
3047
1710
754
2100
2778
1610
1911
543
780
706
4157
2531
2874
4031
2239
4248
348
4270
2189
55
2167
3191
2698
996
2130
4076
1031
2845
4757
3952
4045
1651
2452
1229
4120
2193
479
4286
3618
4259
3416
2620
3327
2388
4731
643
2231
832
4665
4864
872
1956
446
2159
3896
4229
297
4786
1363
1419
3166
3374
4077
3234
216
990
2046
4991
2877
4751
4825
1968
2788
1474
2854
1869
1137
3195
10
1835
1728
4951
2178
1551
4918
1680
1523
341
1692
1343
4812
70
2431
3050
1723
3566
1794
504
1934
4579
3540
4000
4760
609
5
2459
4588
3217
2299
1915
2673
3385
1196
3176
4291
4758
1936
1023
742
2272
3760
3247
2320
733
3183
2494
4947
299
1508
4025
2075
4141
715
1134
125
2455
1423
488
4642
2967
491
875
3133
2363
3460
763
1923
4493
4543
2873
1462
2436
3909
3798
1998
1649
571
2082
208
2659
3032
4516
4048
1564
1552
2902
3525
3876
1678
2938
3256
1824
2755
738
886
756
1084
3814
1604
330
1204
4963
4853
2905
1046
354
2727
4316
4014
4977
2424
4123
2003
423
3747
1397
4737
2242
2729
800
3272
2362
3804
2052
1802
2498
4324
1460
1990
1162
2206
1926
4671
4664
1399
2497
1569
4849
2613
1978
507
4113
1287
418
3139
2097
642
3624
774
2410
4301
2746
2179
820
3154
3994
663
1059
3447
4059
1483
3661
2380
1977
3260
4442
4830
1909
1778
1947
202
4331
3684
801
276
1075
4785
2473
1671
31
3791
2834
1311
2922
1033
3719
1476
831
905
3157
173
590
2505
1034
3681
2881
1261
824
1453
496
3516
2579
817
4613
1232
4406
1448
3483
1792
777
618
1163
637
4574
1150
3750
3375
4897
200
4009
2365
91
3420
2033
4486
3774
3559
1079
3362
3243
4175
4163
1421
3162
1558
3359
3921
4381
3232
4960
3104
2341
342
2404
2756
474
3773
2915
519
101
2317
2221
4398
4362
2786
2386
1442
2671
287
2807
1334
3441
1248
3982
3446
2190
1514
804
1076
725
4612
1467
4837
4764
3452
3543
1742
3480
3208
1329
865
627
2508
311
4
876
506
2443
3985
4437
1333
3535
710
3632
1198
604
1142
3067
456
2335
3462
779
3863
1757
4467
16
4813
4057
1491
3105
2099
3551
2092
1050
684
2266
4695
2707
1701
1636
1042
3117
4405
703
550
4410
1970
1443
1676
2105
4380
4249
2735
2430
1464
1068
1154
2078
4453
2338
3611
1497
3963
1056
4034
1289
788
1404
2210
3789
967
1140
361
2269
4070
3764
256
3742
4276
3886
3175
2635
3967
3938
2871
3706
1995
1487
1145
4067
4714
1374
4361
3955
66
2274
129
4358
595
3826
4921
4974
639
567
4236
3037
2644
1589
1364
234
722
3386
4038
3316
2228
3930
2629
2273
4936
3098
4202
4641
3510
464
2445
2209
272
4981
303
3908
1288
2574
4545
3108
4176
3806
4956
3364
181
2375
2324
500
2661
2815
4028
691
4908
732
3118
2952
3250
1983
4153
1593
795
3671
1530
3045
1730
40
525
4851
716
1463
1349
306
4816
705
4412
4566
723
4140
1674
1149
3177
2823
3354
99
198
4907
2563
2091
1365
952
809
628
4244
4272
2951
4409
2817
119
670
690
2062
1353
4605
4444
3899
4335
3746
2660
3134
1897
3113
462
4627
578
1745
2622
3482
2059
1066
2911
2590
4635
4293
899
2943
2675
1561
2688
3941
2354
1670
727
2454
1049
4114
1024
3715
4699
1966
920
1386
310
3778
4219
4972
4086
4707
120
195
1376
2235
927
3809
3474
3240
1107
224
1458
3838
2385
1555
1344
4445
1454
2374
3821
545
4869
7
425
2743
268
1724
2762
2760
1782
994
606
1459
1082
1819
3948
3204
2243
4729
3626
405
1206
2057
2319
122
3599
3582
1639
613
2612
127
139
1822
1597
4824
2999
3034
4369
4584
2150
228
4735
1820
3807
917
13
2030
2768
3201
4142
785
1083
4461
1418
1874
68
4044
3621
796
2617
4392
1316
1608
1620
3913
1748
395
199
2513
4595
3995
2663
317
1065
3688
2699
3182
2223
1
409
404
3024
3883
4383
1659
211
4783
2647
4796
27
138
3063
1798
4914
1965
2797
2412
961
2048
4576
594
214
4920
4582
3695
3001
3785
1400
2561
4277
4697
3964
2889
1035
3811
2042
1914
142
1434
3720
1760
2420
1439
2607
4553
787
4294
4001
12
2603
4518
4499
4279
2253
1093
4470
3758
4503
524
1668
324
807
3068
3459
288
4661
4450
3196
2275
2621
1658
3958
1466
2928
2838
652
2852
3946
1732
2028
2222
4468
1234
4283
1197
1781
2866
3422
3132
2106
318
1143
3251
646
2758
1475
648
745
3082
3293
3658
2690
1902
407
1850
3820
4817
2024
4423
3080
308
1541
2218
4388
3114
463
2658
4560
1718
4962
1534
4721
247
3726
1305
3340
2976
1233
3504
2614
3054
2833
3164
1250
1255
3874
537
4718
4722
23
4803
3413
2837
2483
2924
1041
3389
2685
1445
307
1962
1281
1665
2799
4601
1574
1974
4535
1954
2284
2285
1256
815
3634
2630
2470
1999
2499
1960
4184
188
2039
2794
4203
974
2280
2019
3320
4117
4616
1237
3169
4008
2032
2954
4109
2306
4023
4709
4581
3586
1312
1616
3020
1258
1308
4240
105
1503
4592
1276
4448
2595
1567
2724
1815
721
2079
1367
949
4586
4460
4181
3792
2639
2005
2580
3216
1484
3989
1447
559
4850
3884
3769
2763
3018
1891
1170
1202
1993
4182
1945
933
4567
4476
769
4715
4013
389
926
1901
2666
4769
2297
699
4092
3931
3926
4922
1019
1384
3061
4257
4134
4261
4818
4094
3211
2503
4863
3429
2465
2654
3261
1590
2141
758
858
1219
4677
1396
1441
3522
510
3991
1987
3014
660
4093
3782
1533
3119
3052
3075
538
978
72
1005
3596
118
877
3338
4946
4168
3717
1482
4317
1375
650
212
838
4382
4782
2930
2358
1062
677
783
3728
4483
3356
3442
4154
3199
2518
252
1313
51
4071
2007
3495
924
1292
3743
4465
3309
3142
1943
1775
4500
2314
3436
4704
4193
1630
1553
1963
4010
1088
3371
1729
3373
2988
4245
3244
3960
2859
1605
3724
3932
4206
1403
1731
4779
3786
4745
1304
2783
1908
4452
4099
3660
3156
1260
2880
136
2974
3492
2541
4900
3710
453
1706
3457
634
3553
3245
3222
2302
132
1235
4133
1979
3825
1770
451
4773
4630
4484
3390
4273
3308
4495
4604
3839
1961
4842
1852
2072
2665
1203
929
2396
3043
2990
1468
4788
4949
3026
881
1933
3287
2702
1348
126
1470
3203
735
2136
2713
619
250
4549
3801
3975
1713
238
1105
364
2718
85
309
4355
521
1118
3002
4593
568
2247
4967
2439
1529
2769
4243
2108
182
265
2311
3289
2245
1321
563
2121
4840
3693
2932
2587
2467
2230
4159
1526
1538
3402
4492
696
1756
582
2776
3225
4509
1816
4408
1011
1427
4325
1120
2361
3761
1473
863
4688
87
3866
4637
2828
3643
2869
4047
4132
1888
3153
3445
666
2477
4308
2929
1765
633
662
661
1942
1698
2679
1335
4237
4101
4929
3505
3263
2145
2991
4666
4482
1690
4083
2982
2434
1096
1373
1240
1739
4217
2705
2180
2507
4913
4645
2077
641
4371
2010
3367
3412
2382
4852
719
2081
4698
3901
3542
1246
20
2316
2044
548
4890
4087
1500
4798
1230
3672
186
3873
320
207
3844
4036
134
3465
1293
1326
4942
1921
3438
473
1185
729
1461
4875
523
2742
3914
3940
3403
1199
2069
3369
1073
3360
2947
1324
3718
516
579
3600
4614
114
3013
1407
4280
64
2021
546
2495
4899
4290
748
489
74
2191
3461
3102
2721
22
1929
4843
2328
4569
4403
3810
2411
3486
1004
1549
4124
4438
2941
1853
4118
4730
3279
4426
3238
4345
4940
4162
1829
2392
103
4187
2885
3550
2016
3864
4799
1749
1714
2485
3003
3
2657
1563
1870
3453
4687
3319
428
607
901
3091
1298
184
882
4368
2839
4422
4447
321
3664
553
746
1946
2777
147
2022
4831
215
1299
2351
3275
3152
1586
3795
3298
3121
2800
1579
2031
1828
4479
1020
4389
3223
4987
1055
183
3509
4174
2697
278
3776
4102
4431
286
3767
1224
4212
2398
2551
1985
3961
3647
1532
1740
221
2528
1927
284
4427
2260
3398
2963
1480
343
499
1583
2691
3527
4300
1047
4376
4199
1883
1003
2814
1381
4636
2919
3041
2642
2625
3875
4973
33
2173
1277
3716
4952
2927
3130
1880
4313
2140
3644
3088
3513
1218
909
3315
3344
1733
3570
3614
896
2270
2291
2998
502
1762
4459
4725
2240
1928
1539
1548
4281
1452
2867
839
1127
3285
4105
3683
869
2238
4221
2856
2569
191
1882
2102
638
4201
4498
1102
4256
4994
4514
2584
4673
995
3322
830
1213
2008
2119
2296
2066
939
4930
4330
2812
4790
1752
245
678
1672
4881
3871
4878
4263
2012
4559
2163
3924
2693
1840
2451
178
1469
4573
1837
3937
1085
4220
3694
700
3448
2261
630
629
3765
3677
4870
3822
921
427
4385
2288
4167
169
1241
213
3917
1395
3377
1800
1725
2567
1860
3473
143
2627
205
2732
3029
689
946
4020
1495
3752
1122
1051
4074
1139
3530
2789
1788
2237
2329
2168
3351
4302
938
2670
3639
4738
2408
338
3306
1675
3868
2157
3837
1069
1192
3009
4866
4433
2860
2669
4183
1955
2212
1431
2491
4596
2979
2714
724
4315
672
4464
2752
3097
1618
890
3911
2049
4662
437
231
2224
3729
950
2549
3387
4606
365
4826
2292
4594
4988
1409
2029
86
1948
2199
155
4454
4404
1129
4329
4935
3077
4160
1416
2782
4542
4742
1080
485
757
3180
4207
424
4372
1769
1481
380
2615
4561
4232
2761
4136
2435
2534
602
4679
1200
2680
3205
3949
3229
2994
1239
1465
1378
1783
1498
476
4629
3267
4733
912
1449
860
2895
3444
3520
3383
2529
4231
4451
968
4880
232
803
797
1645
39
93
2849
1773
4218
3549
3291
2611
4872
4810
192
468
1780
3173
52
601
3392
799
4901
992
4210
2623
1380
1917
4188
1699
447
557
123
2748
3498
3501
1297
4022
611
2552
1575
4923
150
2131
2064
566
3912
400
2968
3561
651
4753
539
3699
412
3434
4891
692
844
1646
883
4241
1027
240
2026
965
2493
3458
928
3030
1478
455
1108
1806
3064
4999
1849
4874
3493
4822
4564
3862
3959
1294
1796
1600
1808
3141
210
3270
2555
3470
4037
4063
4395
3479
867
1194
332
535
2252
4537
898
187
841
196
2018
894
291
734
1836
1064
4024
1830
2303
1391
2820
1572
3332
1571
2325
4646
222
4164
1857
4898
4771
4352
4399
3112
653
3264
2672
1537
4246
2681
2428
1039
3079
3074
4674
1975
4473
420
3539
3657
1357
3366
1021
1717
2965
3155
644
2289
3617
1251
3179
3096
3575
1098
149
1340
4185
61
1509
3302
3424
580
2553
1577
4525
730
2926
1595
4763
857
4306
3584
4165
2766
4726
2997
531
3827
1823
3734
1679
749
151
2570
2738
1953
3286
206
1180
3484
4326
4017
4211
4191
230
4961
421
249
4618
1207
88
1089
2956
3922
1951
4491
3122
558
2336
115
2103
762
2496
153
4684
983
411
2822
673
3610
1846
2148
2109
1496
2923
1337
3854
280
1866
1505
3902
4550
260
822
2719
1284
501
3311
498
4127
1746
3236
4255
4209
3421
4705
2864
1147
1809
986
1785
3239
3384
3673
4648
2573
1831
2366
3342
3756
283
1012
227
2161
4839
4638
2519
4339
3907
296
4110
4534
176
3521
959
458
3968
859
3110
2892
1208
4791
2676
426
2608
2921
1761
4862
1939
2950
936
3929
3887
1958
1214
4033
1544
2183
1971
4275
3192
435
2802
1428
3598
4975
336
1332
1879
415
2333
768
3563
2248
1738
2348
1347
4035
1790
253
2562
2158
3283
581
326
547
4367
1546
65
4138
2458
1099
823
811
4563
655
3266
1789
565
681
3109
2961
1607
517
359
4068
2992
847
1810
1113
529
4832
4539
923
277
4496
2
4062
3605
1515
3349
4488
2116
3394
3258
2829
1336
4262
1360
2667
2632
1743
3476
1560
2169
798
1666
3823
4530
2486
430
1873
3656
4728
4847
3194
1010
57
2184
1941
4656
432
878
251
1734
2255
167
4857
261
2901
2850
403
3021
4591
4902
3895
962
4552
3273
3531
4571
540
3880
3010
3879
4223
4807
1916
440
3301
2899
1215
3511
3998
4681
3224
1211
4685
957
4065
97
390
3904
2332
1494
174
3491
2083
4284
434
4233
1425
1286
778
3333
1932
2283
1784
3971
1269
2972
1747
760
676
1976
2226
1015
988
1000
2040
3691
2521
2530
1193
1991
1588
2000
2981
289
1814
1643
193
2539
1362
1210
4311
3831
2841
15
4112
1493
2135
4161
137
4239
3636
2344
1540
3713
4650
3023
2706
4319
92
4927
2740
826
3324
1656
3028
3591
1144
713
956
3284
813
4490
2117
3835
3242
1554
3623
255
608
3630
3172
2550
1188
4676
2413
3555
4621
2865
2301
3449
4536
2480
1777
3554
1270
43
2912
3953
4750
4435
3833
3619
2035
2572
3701
4652
2609
892
471
3055
3957
2067
3186
1171
4834
1528
78
4965
1524
2476
2256
1114
4885
4712
3916
4064
4719
1900
2709
1309
574
1138
220
4768
145
2851
2750
654
1918
2215
3802
4043
1242
3689
3305
2337
1310
2624
2426
4619
4841
1522
2715
1751
1652
185
3732
495
172
3799
239
913
2684
4727
948
3763
2734
3816
3188
1609
631
4098
1090
1768
369
32
218
4122
605
879
1712
1709
2401
984
720
3170
775
2251
2813
2526
2290
3167
669
4928
2138
4626
4634
1919
1168
1511
4657
2879
4052
4794
3867
1910
4620
790
1268
4200
1845
4018
981
1890
4015
2599
2655
2515
3011
246
2076
1903
293
3210
810
4904
3259
2648
3579
2779
3455
4767
1825
2170
3735
4247
873
3343
1422
337
2593
148
379
1002
3124
1887
1032
4589
1175
3146
14
3060
1576
3274
4360
833
3127
4538
8
4054
1767
4346
1167
1779
486
3890
3855
2417
2571
1703
2308
271
2489
1216
4801
1345
2592
1854
2041
1456
4611
1438
932
4984
140
3396
997
2606
2305
4265
1325
2330
2466
1123
536
1566
625
514
2733
4224
3667
483
1018
2955
3648
958
2469
3954
2664
552
2821
2710
709
4190
1859
2151
526
478
4158
940
2857
1398
3751
1331
2236
2524
2371
3736
845
4770
472
1209
1657
1259
1451
4400
1521
3083
3594
3454
2188
583
4558
2360
4130
3682
3889
4055
2009
3787
3171
4106
4434
2402
2175
3185
2887
4776
2544
3893
4386
1570
2565
3071
4475
4497
808
1906
4756
3870
2093
1217
1030
3336
2187
624
164
124
786
2294
3101
1275
3597
793
4519
3304
2692
3515
1273
944
4575
4004
3725
1236
597
4854
2011
2014
4507
698
3627
141
465
1964
916
3477
2475
2208
3915
1848
366
2674
2575
322
2942
2399
4402
2098
3070
1972
2843
2825
1450
4401
2774
4222
189
3255
3215
2610
1967
2369
1719
460
3737
2478
3456
3813
985
3107
274
1817
1735
1490
4328
267
3777
2792
1007
6
4235
2520
922
509
4871
1341
4377
1894
4274
792
2564
2101
3651
301
2925
842
1306
3653
180
610
2712
708
452
1986
1126
1944
3005
4654
2254
3892
1290
219
3857
751
168
3640
1683
658
90
305
4121
664
3556
2267
50
856
2384
375
314
82
4916
1087
752
3345
1772
413
3565
3174
4526
4016
2900
4774
520
4041
2512
3219
1173
487
3116
4343
3144
3842
1128
2586
4111
1013
4819
4941
346
2054
2352
2875
623
166
1405
325
1688
2582
2265
1844
3616
353
2110
2896
4342
1371
9
884
1410
209
2842
4415
4323
3405
3753
1834
1677
4150
3668
667
3714
1319
2326
1302
3151
855
1623
1587
4474
4019
4419
4740
4953
4046
707
3980
374
2936
4548
1905
2940
370
4703
2144
1222
919
1726
3159
1980
2559
2225
4189
907
4896
1647
2300
2882
30
2403
3137
2461
2903
695
3609
391
3545
2811
1417
3592
2154
827
575
2453
394
3650
3335
1161
1291
3318
2827
1437
2176
1263
1328
3568
4213
3771
3323
1183
2084
461
3547
4533
1687
4931
3754
3140
4321
1721
1228
4577
3869
4348
4144
3016
2696
444
3432
3281
2957
4069
3984
1078
3012
4754
3081
392
825
1169
3569
3891
935
1542
4528
2662
2993
59
1811
4532
158
4905
3337
4968
2791
4966
1488
2509
4983
1226
1081
503
530
4551
4644
162
3768
269
2295
4894
2935
1996
1406
4938
3290
1244
3843
528
585
2594
4336
109
3135
285
814
1736
1689
4805
3972
3987
3934
1805
2107
259
4378
3818
3090
3297
843
2013
1301
4003
3847
4565
3812
3158
897
3927
621
3928
4007
159
2249
4271
1662
177
1412
851
4310
1684
4026
4609
3044
2464
4502
4710
2113
3642
4570
812
2975
2220
2591
4954
469
2395
1130
1160
4689
1949
1513
554
1086
1871
4072
157
4108
1181
4295
3905
987
2372
3606
976
4587
4660
573
1252
3017
3428
2340
2708
54
3321
1036
2277
4135
17
3772
4976
4466
4706
2307
107
4720
1393
3087
2645
76
4374
3330
4137
2074
1786
4266
4926
2356
1843
1842
4680
2258
254
3834
263
3620
1896
1430
2293
1320
2427
577
4555
4314
110
4702
588
743
3006
3051
3779
3722
1839
175
2516
2313
2080
4761
3631
2863
1132
3355
2367
3365
3040
1613
130
2749
549
3120
2830
179
116
3906
4320
1355
3659
3685
1663
4911
2321
4341
3739
603
4139
3106
620
2186
28
598
3638
1278
4333
1370
1997
4356
4793
3485
4675
2246
1029
331
2472
4060
4845
470
319
2123
2739
505
718
998
4443
1231
383
1307
864
1501
4600
2730
2633
2132
4667
4608
4079
3788
903
396
1110
1368
3111
1865
26
3979
3439
2379
1174
438
515
4116
2700
1864
475
4347
4205
1716
1631
445
53
626
1009
4713
593
1715
2913
3160
4732
2376
2618
3085
29
2780
4978
2682
3730
1195
3945
1584
1855
3524
4755
1432
2878
4298
63
4980
1886
614
4289
4933
1559